<?xml version="1.0" encoding="UTF-8"?>
<map version="1.2" tiledversion="1.2.2" orientation="orthogonal" renderorder="right-down" width="20" height="20" tilewidth="16" tileheight="16" infinite="0" nextlayerid="2" nextobjectid="1">
 <tileset firstgid="1" source="simples_pimples.tsx"/>
 <layer id="1" name="Tile Layer 1" width="20" height="20">
  <data encoding="csv">
108,108,108,108,108,108,108,108,108,108,108,108,108,108,108,108,108,108,108,108,
108,108,108,108,108,108,108,108,108,108,108,108,108,108,108,108,108,108,108,108,
108,108,108,108,108,108,108,108,108,108,108,108,108,108,108,108,108,108,108,108,
108,108,108,108,108,108,108,108,108,108,108,108,108,108,108,108,108,108,108,108,
108,108,108,108,108,108,108,108,108,108,108,108,108,108,108,108,108,108,108,108,
108,108,108,108,108,108,108,108,108,108,108,108,108,108,108,108,108,108,108,108,
108,108,108,108,108,108,108,108,108,108,108,108,108,108,108,108,108,108,108,108,
108,108,108,108,108,108,108,108,108,108,108,108,108,108,108,108,108,108,108,108,
108,108,108,108,108,108,108,108,108,108,108,108,108,108,108,108,108,108,108,108,
108,108,108,108,108,108,108,108,108,108,108,108,108,108,108,108,108,108,108,108,
108,108,108,108,201,201,201,201,201,201,201,201,201,201,201,201,108,108,108,108,
108,108,108,108,108,108,108,108,108,108,108,108,108,108,108,108,108,108,108,108,
108,108,108,108,108,108,108,108,108,108,108,108,108,108,108,108,108,108,108,108,
108,108,108,108,108,108,108,108,108,108,108,108,108,108,108,108,108,108,108,108,
108,108,108,108,108,108,108,108,108,108,108,108,108,108,108,108,108,108,108,108,
202,202,202,202,202,202,202,108,108,108,108,108,108,205,205,205,205,205,205,205,
108,108,108,108,108,108,108,108,108,108,108,108,108,108,108,108,108,108,108,108,
108,108,108,108,108,108,108,108,108,108,108,108,108,108,108,108,108,108,108,108,
108,108,108,108,108,108,108,108,108,108,108,108,108,108,108,108,108,108,108,108,
201,201,201,201,201,201,201,201,201,201,201,201,201,201,201,201,201,201,201,201
</data>
 </layer>
</map>
